-0.340730208235123 1.44738568960223 0
1.06066518781673 -1.57717708596933 0
-1.13313023364819 0.55072027879008 0
-1.46568299939101 -0.767186536321016 1
0.870928435666091 0.894241334029842 1
-0.757582547401146 -0.915654783414714 1
0.914738210838323 -0.54663007918798 0
-0.7160408388998 -0.920333092682681 1
1.41943928683124 0.932034409461083 1
-1.3418652385261 1.57775589512448 0
0.0771743034309109 0.80179178792254 0
1.22184318242475 -0.728215976260658 0
-1.08978334595508 -1.47225091795772 1
-1.34827214681229 1.07777899843709 0
1.59307082098459 -1.31209422163878 0
0.671355180540051 1.53640149020483 1
-1.25408953880389 -0.38314404046662 1
-0.966292147278443 -0.813044156559587 1
-0.783307550141343 -1.23209959506315 1
-1.28698949176542 -1.05784249547887 1
-0.863813017759001 -0.903287348416503 1
1.33541050329872 -0.774326714177477 0
-0.918333551135383 -0.616051398433175 1
-0.578011292554826 -0.127674021715928 0
1.03377458685883 0.260183895831492 0
-0.856289298725054 1.29393845043556 0
-0.266595034031668 -0.192475514462555 1
-1.51173767205484 -1.45683282396475 1
1.31272751544537 -1.58562394559908 0
0.313440870024649 -1.58029290034102 0
0.978488502486942 0.712561885859646 1
-0.66456673373121 1.45936805315336 0
1.44611408092642 1.38632730575382 1
-0.749657538523751 -0.965558818396575 1
-0.982824322853243 -1.22210492970013 1
0.145880936309704 1.6707698408719 1
1.27779854456853 -0.571744428310471 0
1.27204431845839 -0.622001204057081 0
-1.10290822843371 -0.538999879485763 1
0.492624697866997 -0.563865215182388 0
-0.552832010422502 1.13626737173774 0
-0.379231647378354 0.48796597129615 0
-1.52521345525049 0.747689799935987 0
-0.581722166034691 1.45245694879262 0
-0.923697491394657 -0.829094366800402 1
-1.52046725151566 -0.759069293558693 1
-0.845106649475258 -2.02947106610117 1
1.12850906008804 0.867422787879159 1
1.82283618079222 0.877429404672451 1
1.07365021455839 -0.966855426913129 0
1.02785309437903 1.59559458134889 1
-0.607868160609949 0.800250893516343 0
1.33123741847637 -0.995979325462811 0
1.04219948338814 0.934470662534571 1
2.03550507208554 1.40285262539399 1
1.45000042223498 -0.740008454422363 0
0.50361739949026 1.2546643397164 1
-1.52871052104669 -0.754593259440394 1
-0.890258102157266 1.47920056461372 0
-0.52654069441078 -0.607522128980781 1
-1.18729840102848 -1.21559343168596 1
-0.289410936086063 0.682043102833667 0
-1.44323161531169 1.05505132469941 0
-1.40929743667435 0.615081222509175 0
0.814183616179203 0.417716670279981 1
0.641317957674842 1.15531340913236 1
1.29855615276916 1.12071545963652 1
-1.45840123248496 1.67810618442172 0
1.24319891010138 -0.291943191089141 0
-0.915507058988643 -0.970279715252207 1
-0.783542837281767 -0.392128810349761 1
-1.48079439952642 1.56917868293496 0
0.826225749619673 -1.10655303850804 0
-1.32468133324382 0.898382822402303 0
1.2882703111309 -0.421001349346987 0
-0.82641539573108 1.35624691035577 0
-1.0557387991713 1.03300081747617 0
-0.703782472918145 0.805820092949585 0
0.906878029269744 1.21139738409879 1
1.16689206272367 -1.92152783645162 0
1.06502473537468 -0.734876003566124 0
-0.479998973358352 -1.11729516896906 1
-1.32916914102327 -0.93869426158896 1
-0.777915921246921 -0.860084222001153 1
-1.14105086224346 1.28112584588089 0
1.12683200999034 1.2592017668542 1
-0.568263957667318 -0.51299437744141 1
0.827667431761778 -0.99348856511829 0
1.26289395570432 0.926924450123611 1
-1.60413223428226 0.102885405135415 0
-1.1226020520325 1.19639642313504 0
-0.976903765272145 -0.866563194223026 1
0.798702553813522 1.11526539245989 1
0.927567570679928 -0.807855014133004 0
-0.861882768006609 -1.11974738770219 1
1.12080385648057 0.271440062074832 1
1.8037337577053 -1.1972206458846 0
0.476932995927972 0.512984308752891 1
1.0056745912026 -0.415057908645636 0
0.0392015066228804 1.42520751287944 0
1.03223382543921 1.53680892629764 1
0.383605318138032 1.46834725352936 1
-0.548979739508157 0.863929686954866 0
-1.26245366919267 1.8090781428561 0
-1.19275809554966 -0.803596614427108 1
-1.03138531816159 0.97010737240012 0
0.533788494808598 -0.572377332982094 0
-0.652290335027411 -0.681008415935864 1
0.584414806522808 -1.35339205848613 0
1.4986832370138 -0.546974245471131 0
-1.11856607263864 -1.46425450617299 1
1.13896938979765 0.97772435103151 1
-1.29010378470955 -0.676644021245246 1
1.01830895937125 -1.28848114385893 0
0.768690146733396 0.961620388500024 1
1.66828311304239 0.704901071765016 1
-1.14173927299061 -0.944746523026971 1
-0.893944440116554 1.56407489511597 0
1.11227962168448 -0.765380559728597 0
0.989335421733621 -0.159291926131974 0
1.66355192274911 1.15620776738546 1
-1.25538891228583 -0.234550251284485 1
1.32710890993657 0.713494888469613 1
-0.636437071569027 -1.46204162172549 1
1.12585607849642 1.15565787243395 1
-0.620422989401554 1.27338055044903 0
-0.835441821811742 -0.667758285771632 1
0.77134732128687 -0.820587037249543 0
-0.779328233935052 -1.19594197517786 1
-0.646745632518116 0.71642293516296 0
1.18589569365832 -0.999185478793685 0
-1.37144286797559 -1.08970086389413 1
1.19145348939087 0.674320838542899 1
0.771382314418359 -1.13717591135625 0
1.44752359774693 0.869920517867952 1
-0.964457336679737 1.06054404236546 0
0.391282102268722 -1.64753578452024 0
1.32588104037972 0.937964622047137 1
0.618355259686242 0.914569434275222 1
1.59829197256868 -1.00425062308682 0
1.21646800444368 0.132602373879452 1
0.071246854648042 1.25665880980424 1
-0.92286328422667 -0.331870191073727 1
0.790587550452179 1.18134907246871 1
1.03446639388879 0.85599620590513 1
-1.25186518620651 1.16033395397986 0
-1.20562532248162 -0.749539455438619 1
0.855002319398187 0.932835481821567 1
-1.46038664330971 1.43698733690493 0
1.52666434325004 -1.20554189753712 0
-0.431687180211531 1.6911135588841 0
0.962822767383626 -1.2295500271945 0
0.629302843601346 0.442173601375431 1
1.00559812036243 0.706117375607613 1
0.618537397831048 1.62383416771907 1
-0.890090088231402 1.20003610585798 0
0.431255356388306 0.446301754925921 1
-0.176339736341652 -1.25593299989845 1
-1.00487998022678 -1.06324709272138 1
-1.04306964066486 -1.58948928298889 1
0.218474448947452 -0.503634500936727 0
-0.342961549117879 -1.5771402936241 1
0.895317713655085 -1.24324023046935 0
0.818945175436194 -0.996768377205921 0
-0.732651361879551 0.668258584005567 0
1.33319188516395 0.46905399216561 1
-1.7196314430058 -0.0192266130542161 1
1.58962408306402 1.045106394064 1
-1.35657155558217 -0.534251566859297 1
-1.372818339493 0.749763832534729 0
0.867675051708055 1.0904951429898 1
0.933349933754302 1.85809735881825 1
-1.48875178908696 0.713431732530335 0
-1.48076281747217 -1.28766625059037 1
0.411327488304504 -0.884884615238264 0
1.45234823221799 -1.23729455918996 0
-0.816293316786356 -1.32292317870618 1
1.52012721626391 0.927301216590509 1
-0.631765550304866 -1.42902060968238 1
-1.23726653034734 0.252530678902594 0
1.27318601659873 0.986614186759726 1
0.501911208424124 0.886719694157301 1
-0.851780821466805 0.827033167144876 0
0.877877954996546 1.25306000785473 1
-1.11268418755888 1.49856892569096 0
0.589433491079728 -2.04706451070786 0
-0.867204186356146 1.29033994408918 0
0.560673725464504 -2.20967827491146 0
-1.4360255747863 -0.158519062592832 1
-0.938545925813688 -0.74794483483355 1
-1.08621425882481 0.441926319701903 0
-0.960415619947961 0.980248655920619 0
0.868731243223523 -0.612638921112127 0
-1.27789585389497 0.547690703939291 0
-0.886337566862209 -1.0132040269473 1
-1.52178808700421 0.25502445381659 0
0.880261413503872 -1.38999339733238 0
-0.849088703920757 0.391258111972788 0
0.78684325737069 0.718516860290839 1
1.06629877028064 -1.63151355855736 0
-0.802904153856737 1.33001650172537 0
1.11272396765324 0.549936299403621 1
1.19282279887454 1.95785903683748 1
-0.816489982058333 0.805964620189202 0
0.964914406074859 1.0358697305544 1
0.63821570239652 -1.32694886002503 0
0.983709596483166 1.34369377219784 1
-0.238496560116801 -0.583332333824393 1
1.17363361327745 -1.22182350788649 0
-0.543295637271769 -0.965228513516429 1
1.03689298098881 1.08000807894634 1
-0.58547275989931 -1.39562423570176 1
1.17531152274496 0.481757876637075 1
1.02448984968869 -0.754042641229804 0
-1.45677851979285 -0.864940786512171 1
1.40962659794134 -0.679122459486448 0
0.873100481315271 1.35235042698415 1
-0.301280344511781 1.21331764038695 0
-0.516389057751476 -0.940725036891396 1
0.40003828659635 -0.980607068398852 0
1.59923159957474 -0.581200983023434 0
-1.16521497939102 0.505225581484263 0
-1.61384575588463 -0.945732884015638 1
0.378555690610433 0.77531095910331 1
0.74844934472783 -0.40051410927291 0
1.53760685321529 1.93971316830919 1
-1.09830089292491 -1.54816367376189 1
1.04916185148255 -1.03368617177995 0
-0.406179044996543 0.576650999451269 0
-0.737565258147211 -0.640106880782617 1
-1.52722653848859 -0.89867679076038 1
-1.58791129478982 -0.52559001373157 1
-1.03816223101058 1.56433438392587 0
-1.35310105180631 1.13542759233445 0
0.977021731781915 -0.76646482071199 0
-1.15438531480653 -0.702497382792144 1
1.07570975754089 0.544741269990386 1
0.542935272618541 -1.23414455762346 0
1.47053053996224 -1.61134340122576 0
0.64229230539486 1.33895209132682 1
-1.14535067822713 -0.798568368234736 1
-1.19174479222567 0.875043202967309 0
-0.452135283563978 -1.25938586733649 1
-0.868951056848296 -1.03551321650776 1
1.32604302764722 -0.718692691259407 0
-0.975956642803846 1.50660937995376 0
-0.638454627113722 -0.586728584301222 1
-0.946581048711681 -0.95394581048685 1
-0.844530836128044 1.74690017109239 0
-1.51397316340066 1.10617933439854 0
0.884646296303427 0.896665378367963 1
-1.33754169954788 1.22393804400228 0
1.56036591141234 0.980508210578501 1
-0.330135254694813 0.792547896512526 0
-0.577869523430705 -0.458167194805688 1
1.05043518955623 0.85118461076965 1
1.4192882890439 1.38889438369462 1
0.925707753081011 0.907096991226578 1
1.63558939267661 -1.16961617659302 0
-0.503214586925269 -1.0884227117216 1
1.10561586519704 0.828955005962668 1
-1.0090866186274 0.343158780202767 0
-1.10377954398655 -0.323329732600709 1
-0.453154585732786 -1.66267956149038 1
0.234662622579256 0.00442435159681853 1
1.80180067169756 1.04749963534116 1
-1.4725731053976 -1.25101295161785 1
1.44357110767082 0.799873965687481 1
1.09643710883143 -1.08579357128679 0
1.06710394549673 -1.29420455885711 0
-0.13909247723379 0.00195248809210624 1
0.904471910640658 0.900146530888433 1
1.06742350058205 -1.57502823980636 0
0.276414787224517 -1.09373437243468 0
-1.13980318124333 1.34774289541119 0
0.416262137189561 -1.43127874668765 0
1.47089198677517 1.22773833424917 1
-0.636831789690499 0.935074391590831 0
0.323363651223645 -1.26609226659946 0
-1.80873142855066 1.9201625762277 0
-0.51655406525969 1.01323460360034 0
0.863068688616399 -2.20324381037788 0
1.44027043286802 1.18588730266249 1
-1.29275606035254 -1.42674283837172 1
1.00521895337812 -1.06219597123391 0
-1.67559928977816 0.60056082701099 0
-1.6142496374559 -0.29704721466857 1
1.63672469260879 -0.657695015289485 0
-0.890282471970168 1.2340619602162 0
-0.708041922163767 -1.33400861752092 1
1.12365122499513 0.703434576102431 1
0.729000528672992 -1.18171942129816 0
0.916437135788199 -1.87715093039075 0
-0.868070320888481 0.565765937925728 0
0.790300012882005 -1.43790669756728 0
1.05198494215274 -1.27543242393061 0
0.628049376261033 0.829125025793495 1
0.887398973249393 1.39958457893713 1
0.625966226343448 0.881631105510593 1
0.770152608347656 0.823260989828988 1
-1.50336077325745 1.60447018759772 0
-1.00353711028425 -1.47485680442454 1
-1.10784340523936 0.397265131048013 0
-1.71078540210861 -0.842994341436613 1
-0.917068062395699 -1.89216810452027 1
-1.52480653513282 1.26178710749079 0
0.755100520862746 0.696554578881876 1
-0.739834960332516 -0.403264735664613 1
1.10052210253608 1.0279243006105 1
0.837613390644077 -1.33319442534059 0
-0.959072706068669 -1.01019589859754 1
1.2292772795106 -1.44563348283366 0
0.882568678225269 -0.820773731793432 0
-0.789998036099455 0.570335577680974 0
-0.37957461258364 -1.05060734532798 1
-0.769761391989179 0.758566129465352 0
-1.38136537041026 1.16086312687181 0
-2.05625943909496 -0.605735178084694 1
-1.1612352491176 -1.85835267885039 1
-1.69902697523278 0.868028405256936 0
0.926647185005799 1.64147722876561 1
1.47368542693051 -0.813821503662688 0
-1.19207149153883 0.997506887986597 0
0.500959253753764 1.4183915127675 1
0.913058100950407 -0.882446295221216 0
1.41448232463881 0.784665455196794 1
-1.70070670161578 0.435923947471628 0
1.25635381805562 1.2612716046972 1
-0.450234811533121 1.49354254879914 0
-0.520319418868026 -1.61158414842371 1
-0.775145436552506 -1.0449075446004 1
-1.73360382032576 -1.19353894630741 1
-1.45586826096131 0.989498249809482 0
0.909447328346148 -1.24574010698411 0
-1.53352558347412 -0.687727561870231 1
-1.15605035762468 0.757762344966246 0
1.58934027693031 -1.26901718109119 0
-0.741210247556474 -0.779396991046669 1
-1.32975501405144 0.361357489553881 0
-0.828885073396165 1.03853456599906 0
-0.617470725184497 0.728381677724738 0
1.54832666063121 -0.868353941360699 0
0.0641189097818291 0.330833462300996 1
0.443206271891606 -0.693030640964407 0
-0.58667974163179 1.42523211681414 0
1.01318549276268 -1.18168769697834 0
-0.833289045615099 2.02768038421506 0
-0.92808306117366 -1.10705009591841 1
-1.43242809827887 1.26523318511998 0
1.14721178544722 -0.132718715868116 0
-1.73711705241691 -0.898763018859682 1
1.0662983413553 0.966391637389063 1
1.10185897328245 -1.11487824957456 0
0.754278022087785 -0.813280474572043 0
-0.637657651588962 -1.06031569021105 1
1.32178546632227 1.59052600537799 1
1.35493114603383 -1.26281465480892 0
0.668822535717361 -1.67035792695976 0
0.839962409105169 1.18541018359353 1
0.775142306637657 -0.166524477034281 0
-1.14365039411453 -0.864914570473576 1
-1.78130311070484 -1.06233565705121 1
0.715083642116235 -1.27787206792464 0
-1.27258358305219 -1.07881255745241 1
1.18750014512858 -0.275602968236332 0
0.842748447037049 0.732253003765846 1
-0.980964601563869 0.935351246489571 0
1.69061625611491 0.948880601155016 1
-1.29021980310452 -1.02551289570307 1
1.34827877664177 -0.636698853148536 0
1.5903623662319 0.469802640893959 1
-0.72839173417373 0.884896241392594 0
-1.39674303177605 0.734986853018374 0
1.00280661779787 0.370750420283376 1
0.811316125439881 -0.876177527840863 0
1.13281563442248 -1.23865010654915 0
0.767796110567149 -1.49080119786498 0
-1.59198101675713 1.1292985999268 0
-1.04677519920343 -1.17388718943707 1
-0.595318563335172 -0.997032904792057 1
1.6740183685385 -0.707297624355556 0
-1.5745277746137 -1.50310630749365 1
0.836534661554143 -1.03324862760564 0
1.05291708042437 0.900060434532964 1
0.809228548896446 0.279237157729319 1
-1.06470593290588 0.502087134142115 0
1.4244554000755 -1.37990346284425 0
-0.736690532674175 -0.717132687333893 1
-0.766075475721019 1.53681853156734 0
0.905109352165432 0.461654953618585 1
0.66566108575688 0.339347485191473 1
0.750518789676308 1.72380965757864 1
-1.05477508179031 1.29998168485276 0
-0.819991321404881 -1.10977728057529 1
0.935702548439749 1.17803528844062 1
0.830092032209477 1.21425963628976 1
0.638631910346005 1.32266199273471 1
1.11121256973577 0.664500242747481 1
1.46874946984571 -0.685915725380858 0
-0.802032512151263 0.622510214582402 0
-0.986587459464061 -1.15016129726287 1
1.74447682458787 -1.20665844046396 0
1.95358347781288 1.46018917542946 1
-0.879528818703393 -1.51264268344107 1
1.32908715483368 0.935587054118572 1
-0.652089156012295 1.07009238908511 0
0.721177578348994 0.985204806771452 1
1.1442308836201 1.81859980050357 1
0.94148813767903 0.543718863267998 1
1.39543293469742 -0.434040627232928 0
-0.377851097783129 -0.343867366336181 1
-1.21013842816618 0.397422768683465 0
0.871432527123987 -0.769822275250082 0
-1.72467682405877 1.64151585813401 0
0.649963062343167 1.39637209197703 1
1.27775429666471 -0.744364335828251 0
1.31437513361977 -1.27372268493253 0
-1.23918403536405 1.3373078485697 0
1.27098430311991 0.552443491321205 1
-0.762371335519328 -1.41119421793939 1
1.24443879999875 -1.04520951263946 0
0.93603132001891 -0.832641922921145 0
0.621042694420931 1.8087967089427 1
0.568377418333726 0.758417162151691 1
-1.66896313978769 0.720642735899912 0
-0.86479630339075 0.769760118884163 0
-1.29300023184077 -0.939553686773522 1
-1.71054980622046 1.06308824664747 0
0.919609447754144 0.525766080056175 1
-1.27269339485828 1.2017502267668 0
-0.962385140286035 1.19679953329625 0
0.258692082198093 -0.681370320459417 0
0.208582208551474 -0.976588126406324 0
-0.593803149265727 -1.41123125352169 1
1.31471986789708 1.23400252238732 1
0.749216943617458 -0.504997781606938 0
-0.750295128668975 0.574110756948833 0
1.52680307695954 1.24509407684559 1
-0.598034253219722 -0.880656111675388 1
-0.276887452674212 1.18960538834005 0
-1.3496416410842 -1.27022291883724 1
0.92762678301265 1.12905165644633 1
-1.0235785271289 1.47109412003127 0
-0.732360501667965 -0.966648677403774 1
0.83110337932424 -0.967885632581605 0
1.8709388202827 -0.842653828902065 0
-1.04629122959975 -0.482810284401454 1
1.34248024624644 -1.14100560626642 0
-1.25545438671865 -1.09230269019969 1
1.77309707373681 1.75319063150045 1
1.83623566592937 -0.499183113967408 0
0.931450628591447 -0.682743576349185 0
-1.38008305649315 0.24277040511061 0
-0.646198144629432 -0.765951585325262 1
0.470977081588414 0.571836640034718 1
-1.10686630054783 1.19655083491723 0
0.995575454651957 -0.676585028138635 0
1.12871019393284 0.209564539362488 1
-0.430003743457097 -1.01805014905887 1
-0.430900968553627 1.19287348580866 0
0.981523545688284 -0.357567710271341 0
-0.952317089923992 0.909031283297406 0
-0.768467790754622 0.763009567129536 0
0.475963737024222 -1.19495545940031 0
1.48091818883867 -1.14459034363922 0
-0.549398269026611 1.53567184261003 0
1.30313343955747 -0.723783483953136 0
-0.650306530122101 1.36632615349049 0
-1.53556152107963 1.04007993804599 0
-1.29661443878939 -0.913641431220096 1
-0.781164352917535 -0.722084044366927 1
-0.565824174736145 0.645886171026676 0
-1.11039836670398 1.41341400546426 0
-0.973618577918038 -1.93981588443981 1
0.944425760296999 1.16401495095824 1
0.930186976987218 1.21303836839592 1
1.39672710956031 0.970481376741511 1
-1.04851700164776 -0.954169889649302 1
-1.15259042963903 -0.327581102730667 1
-1.31783677207602 0.924770381461962 0
0.0517522900494514 -1.19510050739008 0
-0.731135949854583 -0.693712450234303 1
0.867220465743249 -1.46296368934931 0
0.514573695337427 0.333351675125425 1
0.845340693364178 -0.743654014177245 0
-1.63591996187363 -0.810307097010784 1
0.292271508274893 -0.725088137046074 0
0.850944443829189 1.85072755049542 1
-1.32566008538236 0.854108222461368 0
0.88431064793812 1.04720535778005 1
0.771921234258316 -1.05369867579064 0
-1.360582517646 1.90877107363714 0
1.60309905679633 -1.74099735672691 0
-0.914467483918564 -0.824361229585894 1
1.33395279389598 1.29928459838268 1
0.916283144644947 1.18787176646893 1
0.568835651417693 -1.02992991539017 0
1.41872742836737 -0.926501104546111 0
-1.31233231192562 -0.79462887525042 1
-1.31675398944412 -1.55202806320603 1
-0.658048536123906 0.838651697580105 0
1.03169144593903 0.710135461338665 1
-1.10035303553393 -1.28400611390426 1
0.827156215001276 -1.50662350472687 0
-0.268533716286272 -1.29276586981291 1
1.71276561112251 2.1678861349009 1
0.968998585734613 1.13202400088772 1
1.9111724023057 1.21268917253564 1
0.497476709215385 0.862245883483082 1
-1.37373245304516 -1.10445074833192 1
-1.0682729814491 1.10983313698519 0
0.465702762516382 -0.145967808459403 0
-0.791618299641181 0.968266060215995 0
-0.603549647058998 0.878767628641469 0
-1.13835555303579 0.825114261622968 0
0.984094827158396 0.868347604060177 1
0.586650288698616 0.707197601800032 1
0.901213203810701 -1.42673350565088 0
-1.44165645561239 0.388670156741053 0
0.242215640187489 0.668747743135951 1
-0.730675071413934 0.828424578266251 0
-0.66709576346363 1.28618495602648 0
0.276534660356635 1.26020216670825 1
-1.69380916710593 0.979018709275783 0
0.76845465835993 0.699380029004564 1
-0.819011370636487 0.599196921929243 0
-0.234419266333277 0.856290946141713 0
1.24482757931776 -1.4723751006176 0
0.730439343345092 -1.2611407003781 0
-1.2688616056434 0.553547928432911 0
-0.760259138035041 -1.09334640116811 1
-0.228111532508221 -2.10489262083616 1
-1.21443058550459 1.63233124325878 0
-1.24513819658394 1.44161100966656 0
1.06856600600452 -0.339545154449771 0
0.431050949043689 -1.4107433463143 0
-0.956023989825117 -1.77675886591759 1
-1.03906595750698 -0.048501346325602 1
1.06347120842758 -0.373797511925023 0
-0.650198609463587 -1.50659438396295 1
-1.17988388985476 0.52638342629743 0
1.24383812085281 0.699275652224384 1
-0.268364527429617 1.45303762247878 0
-1.20951839681171 1.03823637771599 0
-0.47999769765172 -1.18412677321544 1
0.764401439608097 -1.52322387858118 0
0.588109340614551 1.09797467367591 1
-1.35673867125277 0.887805325586282 0
-1.64472406993078 -1.02662149766624 1
0.867307805739916 0.337923641179263 1
1.13413012322761 0.529380189728138 1
0.920084881617402 0.797847157523927 1
1.05483253653607 -1.04799781280065 0
1.23678179658765 1.08118507764085 1
-1.07886110200907 0.682827057865135 0
0.970185539348154 -0.835430707542806 0
1.51071500276886 -0.385220105880133 0
-0.728744514913141 -1.07782749318526 1
1.96855217259711 0.803750091187986 1
0.746662918616276 0.923692577621244 1
1.41376158218263 -1.14411702237237 0
0.943010697880908 0.739252477624227 1
0.872052604276525 -1.29065848281158 0
-0.780512926698164 1.34457337701137 0
-0.7980875227304 -0.533980138162563 1
-0.958311856508759 -0.542872747998812 1
0.988636595969061 1.2894753046581 1
1.1853458969191 0.373640415341865 1
0.74747240300152 0.333217213136277 1
-0.60986431981657 1.39256903980613 0
0.472129030178037 0.546611026011764 1
0.443092741684623 -0.322608186640458 0
0.933993157489962 -1.32550643210765 0
-1.3712832512686 -1.15253064877041 1
-0.676692968989327 0.862940534724384 0
-0.694077613846602 -0.358998053086112 1
1.01705437483343 -1.46406204077012 0
-1.44516095989405 1.12262940033189 0
0.823284090827766 -0.842090571618854 0
-1.31957306504856 -1.32955156538607 1
1.61613289025846 -0.891961780718473 0
-1.07662540655375 -0.844285015876845 1
1.46175172477364 -0.466982913617449 0
-0.881904567234921 0.650574429439992 0
1.41810616283555 0.322884033151813 1
1.04102867120865 -0.454247173979624 0
0.973242666854608 1.22320465987711 1
1.56372752887861 0.710308924458224 1
-1.02897450819714 1.13584577991431 0
-1.14201406671253 -0.845021601804183 1
1.15225914951182 -1.39819810624502 0
-1.09262603584978 0.42551218350685 0
0.784779325978589 0.772443603711659 1
-0.994608890440485 1.18880444704504 0
0.93145126769487 -0.851430615075454 0
-1.07983416658786 0.526363568002528 0
-0.45748336330045 0.631300087860824 0
0.947073006814672 -1.21737554003488 0
-1.19219863181396 1.04666464476252 0
-0.85347424983903 -0.362979653279095 1
-1.26782342817891 0.960494417456322 0
0.758423762384662 -1.0224394576309 0
1.33743515575874 -0.747090235412491 0
-0.715371754490105 -1.02788326944191 1
0.714481893367205 1.37249164223567 1
-0.621997499141611 0.933521790307066 0
1.39835023975923 1.37762268347403 1
-0.258146854810211 -1.06881232366495 1
1.53835597262694 0.651075033365505 1
0.817948856971829 -0.755418297053267 0
-1.66171863821341 2.02855755492006 0
-1.17180114779025 -1.71252891935931 1
-0.688931788990804 1.21539427012385 0
-1.18990099238762 0.514257335536231 0
-0.706353299892295 1.19438125974702 0
-1.16873814172405 -1.66614495289574 1
-1.28364834354528 1.13540704111479 0
-1.71228575546605 0.821922833414435 0
0.500365290760636 1.26873117872132 1
1.41295234906867 -1.83558693923236 0
-0.0415314821044402 1.25104675504342 0
-0.696782146240814 -0.829906620787704 1
-0.851064782234146 -0.632475139945017 1
0.894164915433814 -0.944284859356282 0
1.29152150787152 -1.63404893701475 0
-1.10654504358598 0.484178540074288 0
0.364779763656894 1.54809526814026 1
1.70471757201218 -0.953932171773857 0
1.02999472619322 0.859990371677941 1
-1.30477370696473 -1.01878566783556 1
-1.09416987262405 -0.815714302581551 1
-1.47720403429667 -1.62155413744199 1
-1.41686984586371 1.04682520873083 0
-0.692613397451043 0.854356675964018 0
-0.618329305409757 -0.477848584221543 1
1.38962524888533 0.883374149541369 1
-1.10664498126583 -1.2183120633926 1
1.35210616204197 -0.308189861995344 0
-0.956696772564887 0.775978438159383 0
-0.728322836117133 1.54524822896103 0
-0.610052857661778 -0.899275003467717 1
-1.1703339618143 0.333997306899133 0
0.118347154205538 1.00243041481531 0
1.4536536566568 -0.754574860258397 0
-0.635534790492735 1.07951124647711 0
-1.2524176463644 0.806612410460431 0
-1.51315718287924 0.0959130853919582 0
-1.00316231165281 0.61860810697134 0
0.812655787875436 0.933134592442525 1
-0.64234106421281 -0.995231388075565 1
-1.39779146033755 -0.764486217746968 1
-1.24147696707582 -0.853329649918016 1
-0.916357814092601 -0.88524494557544 1
-1.1518831553071 -1.62447919087585 1
0.705166998979071 -0.434226822232311 0
-1.32256379883198 0.774353169489447 0
1.70329125589367 0.927086791300316 1
-1.22840720222499 1.48069831475049 0
-0.58161833219737 1.21581873968078 0
0.909978367462121 -1.06738769850217 0
-1.91884237392285 -0.799488191693479 1
1.39852120327236 1.23499006539321 1
-0.823783775554042 -1.13402728939288 1
-0.834881280825388 -1.19038032556194 1
-0.615546473594212 -1.18778420603139 1
-1.62002794905382 0.543259486244723 0
1.25712618931641 1.13929218490494 1
-0.827533879890802 -1.29568865926202 1
2.04257627938626 -0.0187840807976245 0
0.993816609589499 -0.983161359890138 0
-1.767094460432 1.61816047972733 0
1.14981677114562 1.17560124573136 1
1.07644498816129 0.93956786080165 1
-0.182260545559957 -2.21126277094011 1
-1.17460733132264 -1.23430003186401 1
-1.40897615637005 -1.14089200616304 1
-1.38607197636201 0.8689574677264 0
-0.691648471404282 0.896618770991139 0
-1.19743024819754 -1.20277676132716 1
0.982051935690274 1.33955307316355 1
-1.69606999516256 -0.877298110833789 1
0.453849288469888 -1.12778599676126 0
-1.08418410724338 0.256115069919875 0
-1.12377310714142 -0.900046902905644 1
1.34441365996216 0.779307217533064 1
-1.62081315957175 1.22916544159336 0
-1.27190169110313 -0.947642234484507 1
0.892253654933988 1.41377476448874 1
-0.733368040224138 1.30987146331447 0
1.20863563978995 -0.745774884980121 0
0.716196432174771 -1.10912995907639 0
-0.852890557763581 -0.859215215871796 1
-1.58937673601667 0.443141286919379 0
-0.696987593717951 0.538391385012307 0
1.2797930039978 1.54368876682577 1
0.822394189981192 1.14967311194069 1
-1.6012364334086 0.970117184359779 0
0.72919117692356 1.2335526292283 1
-1.60169671062175 1.06653590546992 0
-1.12608330331092 -1.51007961622277 1
0.965087406694918 -1.22657136347041 0
1.02514169934524 -0.770322909288967 0
0.469734386398968 1.0934337555015 1
-0.774563227565315 -0.897511501263445 1
-1.75162331104968 1.46919343636282 0
-0.682728485800863 -0.739434909144222 1
0.650591789186924 0.930003246940957 1
1.40638219311778 0.894482811897442 1
0.452008518234087 0.782669169315299 1
0.499210089405674 -1.14049923520671 0
-1.23833373161259 -1.18377678791634 1
1.27718232829206 -0.90513459582138 0
1.22552292505664 1.62636319579765 1
-0.838941049477901 0.760665839294271 0
1.54052902032602 1.49274695269855 1
0.239510639768604 -1.11739152858984 1
1.50840918098629 -0.805303260550488 0
-1.22256477465675 -1.20290570513734 1
0.665519364124618 0.969792743442481 1
0.267794047741829 -0.74575239377355 0
-0.851133527258978 1.05439467115491 0
0.705409738543225 1.46154987270262 1
1.24303989029696 -0.870035280325527 0
0.869006548137963 -0.760179905451099 0
-1.41610157606804 0.889824014702476 0
-0.927026330077773 0.24824723465679 0
-0.72181995848208 -1.62053075519618 1
-1.35164506220095 0.345673621110867 0
-1.49047178614685 -1.12457529149158 1
-1.57625053149027 -0.217842872551219 1
0.567163150826381 0.736829443499277 1
-0.953566533833586 0.895646137623363 0
-1.29101762459853 -1.11883794063065 1
1.00270201240905 -1.11129985309137 0
-0.625378756458332 -0.676899792682715 1
0.967777841455574 -1.45388780840027 0
-1.37218376921705 1.51096982805184 0
-1.23934955887664 -2.05158223927866 1
-1.20350177444534 -0.294236470144767 1
1.16401402669605 0.649045059538441 1
0.495634617794139 -1.08664062543485 0
1.51359080048972 0.383971273173243 1
-0.710376522281072 1.56616989707146 0
0.956003455030817 0.369763714993571 1
1.34101619704861 -0.657336322804294 0
0.66037236288103 0.952217280679901 1
-0.896472858334851 -0.810216911966845 1
1.46066842411172 1.00542847515968 1
-0.52458276675589 1.69128385369594 0
-1.2468600276904 -0.155278301679836 1
-1.24210409937641 1.19034676200116 0
-0.348343825959383 -1.41574951753602 1
-1.02818277998515 -1.22054810970398 1
-1.11966730791508 1.06910668473802 0
1.01355604263866 -1.32525153909778 0
0.902355833429243 -0.746311548135184 0
1.41251658882305 0.917271758633727 1
0.712049488361214 -1.33583364745385 0
-1.09492841671747 -1.06165693668942 1
0.431111607793172 -1.3874917250916 0
-1.37854461806828 -1.16379946565997 1
0.833003901590488 0.587162024388264 1
0.853118227860405 0.985151970211336 1
1.08682516050302 0.653878087021094 1
-1.23487019682089 1.27608963663633 0
-0.71455532416988 0.709261297529204 0
1.56004430561544 -0.50759120966052 0
-1.40290749584803 0.514295559214617 0
1.03372812659558 0.180314299324166 1
-1.60277583339025 -0.548526204560508 1
-0.700948691006019 -0.703264933070971 1
-0.88826746411318 -1.83462843828179 1
1.42792022846409 -0.960125371646232 0
0.664986772148472 -0.667848226824593 0
-0.644212068334254 -1.38455809828869 1
1.29347395987313 -1.82488489779794 0
-0.280841178981926 -0.0448854566669539 1
-0.912591020204466 0.972823631062482 0
-0.709412883476363 -1.1843676484242 1
-1.61917139867215 1.56164199094743 0
-1.11940739828687 0.507294748398778 0
-1.05622148065497 -1.52665984107105 1
-0.954002425310803 -1.02596926913533 1
-0.872653129099725 1.21173380722389 0
0.902070773819187 1.7256770765072 1
-1.31439608306102 -0.895196355156325 1
-0.828674040862724 -1.04613937639779 1
0.865379429280442 -1.06101885721248 0
-1.15908632444409 -1.59398289408336 1
-0.919359125348847 -1.37389649042103 1
-0.580413069413566 -0.63478324955157 1
-1.53273293695594 -0.892856026277928 1
-1.2559837822917 1.96556157142862 0
1.28801119467073 1.96576927712808 1
-1.6257228686568 -0.982656383150881 1
-1.35730435653503 0.647766045331802 0
-0.674636332292045 -0.855810978090236 1
1.13527441330567 0.933927007030957 1
1.27964670149455 -0.791038584974841 0
-1.31282128744337 0.661627944740821 0
-0.710195817146451 -1.46938631594461 1
0.413090277902648 -0.959888917273741 0
0.765860845419147 -0.946586604212379 0
-1.31399887447735 1.06981629540129 0
1.44761369580779 -0.926811110425822 0
1.44663109773152 1.03375511241323 1
-1.14209117650131 0.100453640679199 0
0.995468750282768 -1.26218810387649 0
0.747398980119713 0.58302588670523 1
0.430525206419841 -0.691828338858473 0
-0.786321053036947 -0.438917608539596 1
1.0388906746518 -1.23884706516966 0
-1.57906627105601 1.25153495174282 0
-0.836048555601655 0.923045915523331 0
-0.592549673905482 1.30624470858696 0
-0.718286170964617 1.63776774201805 0
0.911236358050147 -1.07200648347462 0
1.44263375225543 1.4858110665368 1
0.931675640037892 -0.612898928651825 0
-1.05423043006259 0.856960654114004 0
-0.827838802545975 0.477319447509995 0
0.960012041483719 -0.63918327030066 0
0.795133499324717 -0.929152657722625 0
0.68512007046897 0.42829994763782 1
1.28037935262545 -0.788478523811962 0
-0.580863653771976 0.324976532059029 0
-0.872794023327002 0.603937172234789 0
1.74429866846262 -1.25137517295061 0
1.21455503976704 1.55997116039533 1
-0.781096913175009 -0.431336369173006 1
0.209129011938824 1.23944244443254 1
1.01314299951085 1.22391318942693 1
1.27549862599888 -1.7830597321286 0
1.35655178114479 -1.15610994366472 0
-0.93463226260604 0.931101518420947 0
1.05583090944052 1.5497680361131 1
-0.411778972984926 -1.06459483930836 1
-0.697083748887395 0.469018908647061 0
-0.455891938104215 -0.659473491060499 1
1.22793283496456 1.25240126541252 1
-1.17662768248023 0.672254111703257 0
1.6802023624039 1.30825156781963 1
-1.40866232726709 -0.571191315441123 1
1.0495914228858 -0.753971261364242 0
-1.61128738629283 -1.09369545205424 1
0.917569938932161 1.19130806516221 1
-1.4614636929995 -0.797546474302261 1
0.910365969516571 -1.03329512939905 0
0.90955306132852 1.14944308182722 1
1.29936253902768 1.23053826247749 1
-1.01773465227574 0.621015951055367 0
1.39206254157843 0.786349239102843 1
1.35793172901552 -0.634718309596342 0
1.64082750817529 -1.18969036875471 0
-1.07607318946551 -0.313880352772389 1
0.932165433182497 0.247910560821176 1
0.463226134822044 0.906239605313314 1
0.573418578384098 1.21897450391097 1
0.852365310641581 -0.471453833029755 0
-0.504489035399147 -0.47071896378656 1
-0.894376669745859 0.955542951333654 0
1.10189123907077 -1.18850460863274 0
-1.14851064443637 -1.22720811733282 1
1.11733487636854 0.724422358534159 1
0.727358328723088 0.868516012808319 1
1.21522661042355 -0.320015241192098 0
1.26629127088322 0.508777681307889 1
-0.734729388585007 0.453842876205751 0
0.548373081893006 -0.822652325361845 0
-1.33532619513482 1.21091079027674 0
-1.15961473875719 1.49429679957037 0
-0.868623508100874 -1.58395572979887 1
0.360317169660406 -1.24700174231199 0
0.710829711401157 2.15882394675342 1
-0.460297931829433 1.35838763325062 0
0.944031364214027 -0.722603510621119 0
0.661677038945668 -0.696136269502211 0
0.998798969470129 0.76834839420044 1
1.86067758008019 -0.0596410944055801 0
-0.972223898940371 -1.07879258047949 1
-1.0830082660576 0.834408958924747 0
-1.37432777835458 -1.3682400123444 1
-1.00915171828936 0.708859375621957 0
1.38268150441887 0.870270253971368 1
0.965504282205507 1.51828884396772 1
-2.79622394168059 -0.47561447402546 1
1.1981286893792 0.964630351322067 1
1.23731867998359 -0.712653390705765 0
0.932628210902664 1.37203803340815 1
-1.2557073418569 -0.808069791613034 1
-1.24788959536674 -0.746126383590993 1
-1.76808017288472 -0.782273953558589 1
1.25905635018547 1.26643915598688 1
-0.394936749274114 1.26348481758536 0
-1.15132665703623 0.657827316372028 0
-0.693271057025436 1.40398584544962 0
1.2303526472213 1.47326146240112 1
-1.09569763724016 -1.02787210523916 1
-0.990536753790245 0.749777098837985 0
0.620630886949086 -1.07073310337365 0
1.13296318006097 0.638512665234229 1
0.252374092971801 -1.2232812230844 0
-0.0771099058773506 -0.377656429828817 1
-1.14164590214871 0.656595588326215 0
-1.25115031990951 -1.22938192679354 1
1.45416574452282 -0.697431252722361 0
-1.41520967861584 1.12879491266484 0
-1.60253120400695 -0.584987734388043 1
-1.10646821910991 1.10185836608513 0
-1.17595518752245 0.659471208103783 0
0.142540710533492 1.0315247767906 1
-0.988481999885377 -1.02695955898154 1
1.29303368408449 -0.931063836649673 0
-1.46005490669163 -1.01700919518358 1
-1.17565155335278 -0.0529467005041011 1
0.814648000043441 0.675314652996876 1
0.0359974578368518 -1.58362966554952 0
-0.611416346089387 1.81207494497675 0
0.34599750961124 -1.41100642948485 0
1.19409233558515 1.20803388137858 1
0.914669195361088 -1.17871665297818 0
-1.23290287420833 1.47762545006988 0
-1.25665352514987 -1.65855732794283 1
-1.48703062744654 -1.2502684062564 1
1.02850840633021 -0.755787031282494 0
-0.547756979212065 -0.489514488000032 1
1.46770846816279 -0.989056588713485 0
-1.97685510773174 1.5846885466883 0
-0.805639762615237 -1.37299014163554 1
-1.22651375934346 1.36714378835751 0
1.16263163732421 -0.730352582946681 0
-1.33797377562677 -0.419437048210137 1
0.661284448971161 -1.40439674982792 0
1.14136145092032 0.971242875473203 1
-0.464363583208376 -1.55009965922375 1
0.911547564365428 0.378488325743894 1
0.699334181536491 1.33304214138101 1
1.21138786710505 0.959107447184696 1
-0.527866466431624 1.48456559303729 0
-1.05551193968274 -1.77150476356109 1
-1.55282542004508 1.17270765877164 0
-1.04228551982505 0.926278837717863 0
-1.10724258912936 1.09756497162487 0
0.776004227569643 1.06471950794053 1
0.735694291092264 0.38717595879848 1
1.00243653999223 0.706360823073303 1
-1.01820619463797 -1.5405046540581 1
-0.796219684789981 1.11290022707701 0
-1.3467614290961 1.35783888573158 0
-0.781323511922389 0.858064644646449 0
-1.21133717680101 -1.44250808119311 1
0.865564109184069 1.16763244721629 1
-1.90289373302856 -1.95889960579918 1
-0.445266077134924 1.11228450904315 0
-0.710537028250833 -1.75211765469043 1
-1.48090535915046 0.818943065303819 0
-0.711045869591364 -0.650886286391415 1
-0.307691026564255 -0.915381000314305 1
1.05199771639996 1.05626858846341 1
1.09564682526208 -0.52740000166843 0
-1.07395878773604 -0.863687499434581 1
0.581180672284746 1.05690628267836 1
-1.10607862546856 -1.25418394037068 1
-1.24982389552599 0.619408487043135 0
0.775112316551756 -0.654585715202946 0
0.75613602147757 -1.21962836239727 0
1.46509174622811 0.911045036429425 1
-1.50021514474741 0.706504610298912 0
-1.40947959240555 0.636909568327543 0
0.886013470427665 -0.914470364244201 0
-1.72930466502065 -1.02916498810666 1
-1.47027849367673 1.12983654500946 0
1.72083635482785 0.100430033314374 1
0.353035600115229 -1.57500994849273 0
0.430005317714213 1.20825991290769 1
-1.05226527657277 -0.856651950320374 1
0.897612496531009 0.578579859480148 1
0.984598094650637 -0.516684547013739 0
-1.09089694112224 -1.38731233167491 1
0.178496174439903 0.956676339537905 1
-0.914758146978688 -1.00168613845997 1
-0.902883726053684 1.56588727104929 0
1.23287907660878 0.771536303761008 1
-1.12099714976613 1.19686792411706 0
-0.721514060276156 0.871336908138074 0
-0.212956981380852 -1.08536911529954 1
1.67878804601178 -1.33112145433534 0
-0.869951802058073 0.479425442133859 0
0.650029590624569 -1.33825852059068 0
-1.14625498682503 0.835770125717409 0
1.27798680283101 -1.80330749201319 0
-0.949328887818422 -0.902979713446941 1
-1.2005884064527 0.884357112578758 0
-1.09121077009027 1.55532335851821 0
1.23167500386689 1.3540460302423 1
-1.5404920279345 -0.153927300605346 1
-1.14292213305918 -1.30151585849692 1
-0.962783126727604 -1.25419808415645 1
-0.798240113119632 0.876551407157717 0
-1.02000961891889 -0.515664944312902 1
